  S38A  1 3.23 0.08 19.78
  S39A  1 2.36 0.05 19.39
  S40A  1 3.76 0.45 0.59
  S41A  0 1.93 0.25 0.76
  S42A  1 6.34 0.60 0.56
  S43A  1 2.84 0.37 0.61
  S44A  1 4.96 0.59 0.60
  S45A  1 2.73 0.34 0.64
  T39A  1 6.71 0.65 0.61
  T40A  1 2.12 0.27 0.72
  T41A  1 2.34 0.28 0.64
  T42A  0 1.17 0.08 0.72
  T43A  1 5.70 0.54 0.57
  T44A  1 4.20 0.54 0.60
  T45A  1 9.80 0.65 0.54
  U39A  0 1.35 0.13 1.11
  U40A  0 1.80 0.18 0.68
  U41A  1 2.99 0.38 0.61
  U42A  1 7.35 0.66 0.56
  U43A  1 4.95 0.56 0.76
  U44A  1 5.23 0.60 0.76
  U45A  1 2.83 0.35 0.77
  U46A  1 6.34 0.62 0.55
  V39A  1 4.04 0.53 0.58
  V40A  1 5.17 0.58 0.60
  V41A  0 1.25 0.10 1.16
  V42A  0 0.04 0.00 16.92
  V43A  1 2.62 0.32 0.95
  V44A  0 1.98 0.29 1.37
  V45A  1 4.32 0.54 1.24
  V46A  0 1.30 0.10 2.12
  W39A  1 2.79 0.37 0.81
  W40A  1 4.55 0.54 0.90
  W41A  1 3.63 0.44 0.73
  W42A  1 5.75 0.58 0.55
  W43A  1 3.39 0.46 0.69
  W44A  1 4.38 0.51 1.34
  W45A  1 4.91 0.55 0.82
  W46A  1 4.35 0.45 0.57
